[  0   0   1   0   0  -1   0   1  -1|                                 911625/256*I*zeta(9)/pi^9]
[  0   0  -3  -2   0   2   4  -1  -6|                               5603455/1024*I*zeta(9)/pi^9]
[  0   0   3   5   0  -1 -10   0  15|                             -12434565/1024*I*zeta(9)/pi^9]
[  0   0  -1  -4   0   0  10   0 -20|                                  498355/16*I*zeta(9)/pi^9]
[  0   0   0   1   0   0  -5   0  15|                             -30812925/1024*I*zeta(9)/pi^9]
[  0   0   0   0   0   0   1   0  -6|                              26607295/1024*I*zeta(9)/pi^9]
[  0   0   0   0   0   0   0   0   1|                                 -255255/32*I*zeta(9)/pi^9]
[ -2  -1  -3   2   3   4  -5  -7  12|                             -14087645/1024*I*zeta(9)/pi^9]
[  5   2   9   0  -6  -8   0  10   0|                               -5336045/512*I*zeta(9)/pi^9]
[ -4  -1  -9  -8   6   4  10 -10   0|                               -7207915/512*I*zeta(9)/pi^9]
[  1   0   3   8  -4   0 -10  10   0|                                 644215/512*I*zeta(9)/pi^9]
[  0   0   0  -2   1   0   5  -5   0|                             -30545515/1024*I*zeta(9)/pi^9]
[  0   0   0   0   0   0  -1   1   0|                                3804515/512*I*zeta(9)/pi^9]
[  6   3   3  -6  -9  -6  15  15 -30|                              20383935/1024*I*zeta(9)/pi^9]
[-13  -4  -9   8  12   8 -10 -10   0|                               19046885/512*I*zeta(9)/pi^9]
[  9   0   9   0  -6   0   0   0   0|                                 -36465/128*I*zeta(9)/pi^9]
[ -2   1  -3  -4   4  -4   0   0   0|                                6454305/128*I*zeta(9)/pi^9]
[  0   0   0   1  -1   1   0   0   0|                               -4412265/512*I*zeta(9)/pi^9]
[ -8  -4  -4   8  12   8 -20 -20  40|                               -6794645/256*I*zeta(9)/pi^9]
[ 13   4   9  -8 -12  -8  10  10   0|                              -19046885/512*I*zeta(9)/pi^9]
[ -6   1  -9   4   0   4   0   0   0|     36465/16*I*zeta(3)^3/pi^9 - 2516085/64*I*zeta(9)/pi^9]
[  1  -1   3   0   0   0   0   0   0|   -36465/32*I*zeta(3)^3/pi^9 - 1397825/256*I*zeta(9)/pi^9]
[  6   3   3  -6  -9  -6  15  15 -30|                              20383935/1024*I*zeta(9)/pi^9]
[ -7  -3   0   2   9   0  -5  -5   0|-109395/32*I*zeta(3)^3/pi^9 + 40342445/1024*I*zeta(9)/pi^9]
[  1   0   0  -1   0   0   0   0   0|    36465/64*I*zeta(3)^3/pi^9 + 4776915/512*I*zeta(9)/pi^9]
[ -2  -1  -3   2   3   4  -5  -7  12|  36465/32*I*zeta(3)^3/pi^9 - 14087645/1024*I*zeta(9)/pi^9]
[  2   1   0   0  -3   0   1   2   0|    36465/32*I*zeta(3)^3/pi^9 - 6697405/512*I*zeta(9)/pi^9]
[  0   0   1   0   0  -1   0   1  -1|    -36465/64*I*zeta(3)^3/pi^9 + 911625/256*I*zeta(9)/pi^9]
[  2   1   0   0  -3   0   1   2   0|                               -6697405/512*I*zeta(9)/pi^9]
[ -5  -2   0   0   6   0   0  -5   0|                               7523945/1024*I*zeta(9)/pi^9]
[  4   1   0   0  -6   0   0  10   0|                              -15765035/512*I*zeta(9)/pi^9]
[ -1   0   0   0   4   0   0 -10   0|                               13139555/512*I*zeta(9)/pi^9]
[  0   0   0   0  -1   0   0   5   0|                              -20432555/512*I*zeta(9)/pi^9]
[  0   0   0   0   0   0   0  -1   0|                              14792635/1024*I*zeta(9)/pi^9]
[ -7  -3   0   2   9   0  -5  -5   0|                              40342445/1024*I*zeta(9)/pi^9]
[ 14   2   0   0 -12   8   0   0   0|                                   -36465/8*I*zeta(9)/pi^9]
[ -9   3   0   0   6 -12   0   0   0|                                4995705/128*I*zeta(9)/pi^9]
[  2  -2   0   0  -4   8   0   0   0|                                  255255/16*I*zeta(9)/pi^9]
[  0   0   0   0   1  -2   0   0   0|                              10149425/1024*I*zeta(9)/pi^9]
[ 13   4   9  -8 -12  -8  10  10   0|                              -19046885/512*I*zeta(9)/pi^9]
[-18   0 -18   0  12   0   0   0   0|                                   36465/64*I*zeta(9)/pi^9]
[  6  -6  18   0   0   0   0   0   0|  -109395/16*I*zeta(3)^3/pi^9 - 4193475/128*I*zeta(9)/pi^9]
[ -1   2  -6   0   0   0   0   0   0|    109395/32*I*zeta(3)^3/pi^9 + 109395/256*I*zeta(9)/pi^9]
[-13  -4  -9   8  12   8 -10 -10   0|                               19046885/512*I*zeta(9)/pi^9]
[ 14   2   0   0 -12   8   0   0   0|         36465/4*I*zeta(3)^3/pi^9 - 36465/8*I*zeta(9)/pi^9]
[ -1   2   0   0   0  -4   0   0   0|   -36465/32*I*zeta(3)^3/pi^9 + 4703985/256*I*zeta(9)/pi^9]
[  5   2   9   0  -6  -8   0  10   0|   -36465/16*I*zeta(3)^3/pi^9 - 5336045/512*I*zeta(9)/pi^9]
[ -5  -2   0   0   6   0   0  -5   0| -109395/32*I*zeta(3)^3/pi^9 + 7523945/1024*I*zeta(9)/pi^9]
[  0   0  -3  -2   0   2   4  -1  -6|   36465/32*I*zeta(3)^3/pi^9 + 5603455/1024*I*zeta(9)/pi^9]
[  1   0   0  -1   0   0   0   0   0|                                4776915/512*I*zeta(9)/pi^9]
[ -1   2   0   0   0  -4   0   0   0|                                4703985/256*I*zeta(9)/pi^9]
[  0  -3   0   0   0   6   0   0   0|                               -3026595/256*I*zeta(9)/pi^9]
[  0   1   0   0   0  -4   0   0   0|                               23641475/512*I*zeta(9)/pi^9]
[  0   0   0   0   0   1   0   0   0|                             -21623745/1024*I*zeta(9)/pi^9]
[ -6   1  -9   4   0   4   0   0   0|                                -2516085/64*I*zeta(9)/pi^9]
[  6  -6  18   0   0   0   0   0   0|                               -4193475/128*I*zeta(9)/pi^9]
[  0   6 -18   0   0   0   0   0   0|    109395/16*I*zeta(3)^3/pi^9 - 1932645/64*I*zeta(9)/pi^9]
[  0  -1   6   0   0   0   0   0   0| -109395/32*I*zeta(3)^3/pi^9 - 14452295/512*I*zeta(9)/pi^9]
[  9   0   9   0  -6   0   0   0   0|                                 -36465/128*I*zeta(9)/pi^9]
[ -9   3   0   0   6 -12   0   0   0|  -109395/16*I*zeta(3)^3/pi^9 + 4995705/128*I*zeta(9)/pi^9]
[  0  -3   0   0   0   6   0   0   0|                               -3026595/256*I*zeta(9)/pi^9]
[ -4  -1  -9  -8   6   4  10 -10   0|                               -7207915/512*I*zeta(9)/pi^9]
[  4   1   0   0  -6   0   0  10   0|  109395/32*I*zeta(3)^3/pi^9 - 15765035/512*I*zeta(9)/pi^9]
[  0   0   3   5   0  -1 -10   0  15|                             -12434565/1024*I*zeta(9)/pi^9]
[  1  -1   3   0   0   0   0   0   0|                               -1397825/256*I*zeta(9)/pi^9]
[ -1   2  -6   0   0   0   0   0   0|                                 109395/256*I*zeta(9)/pi^9]
[  0  -1   6   0   0   0   0   0   0|  -36465/16*I*zeta(3)^3/pi^9 - 14452295/512*I*zeta(9)/pi^9]
[  0   0  -2   0   0   0   0   0   0|    36465/32*I*zeta(3)^3/pi^9 + 5676385/256*I*zeta(9)/pi^9]
[ -2   1  -3  -4   4  -4   0   0   0|                                6454305/128*I*zeta(9)/pi^9]
[  2  -2   0   0  -4   8   0   0   0|                                  255255/16*I*zeta(9)/pi^9]
[  0   1   0   0   0  -4   0   0   0|   36465/32*I*zeta(3)^3/pi^9 + 23641475/512*I*zeta(9)/pi^9]
[  1   0   3   8  -4   0 -10  10   0|     36465/16*I*zeta(3)^3/pi^9 + 644215/512*I*zeta(9)/pi^9]
[ -1   0   0   0   4   0   0 -10   0|  -36465/32*I*zeta(3)^3/pi^9 + 13139555/512*I*zeta(9)/pi^9]
[  0   0  -1  -4   0   0  10   0 -20|     -36465/32*I*zeta(3)^3/pi^9 + 498355/16*I*zeta(9)/pi^9]
[  0   0   0   1  -1   1   0   0   0|                               -4412265/512*I*zeta(9)/pi^9]
[  0   0   0   0   1  -2   0   0   0|  36465/32*I*zeta(3)^3/pi^9 + 10149425/1024*I*zeta(9)/pi^9]
[  0   0   0   0   0   1   0   0   0| -36465/64*I*zeta(3)^3/pi^9 - 21623745/1024*I*zeta(9)/pi^9]
[  0   0   0  -2   1   0   5  -5   0| -36465/32*I*zeta(3)^3/pi^9 - 30545515/1024*I*zeta(9)/pi^9]
[  0   0   0   0  -1   0   0   5   0|                              -20432555/512*I*zeta(9)/pi^9]
[  0   0   0   1   0   0  -5   0  15|  36465/64*I*zeta(3)^3/pi^9 - 30812925/1024*I*zeta(9)/pi^9]
[  0   0   0   0   0   0  -1   1   0|                                3804515/512*I*zeta(9)/pi^9]
[  0   0   0   0   0   0   0  -1   0|                              14792635/1024*I*zeta(9)/pi^9]
[  0   0   0   0   0   0   1   0  -6|                              26607295/1024*I*zeta(9)/pi^9]
[  0   0   0   0   0   0   0   0   1|                                 -255255/32*I*zeta(9)/pi^9]


0 0 6 0 [0, 0, 1, 0, 0, -1, 0, 1, -1]
0 0 5 1 [0, 0, -3, -2, 0, 2, 4, -1, -6]
0 0 4 2 [0, 0, 3, 5, 0, -1, -10, 0, 15]
0 0 3 3 [0, 0, -1, -4, 0, 0, 10, 0, -20]
0 0 2 4 [0, 0, 0, 1, 0, 0, -5, 0, 15]
0 0 1 5 [0, 0, 0, 0, 0, 0, 1, 0, -6]
0 0 0 6 [0, 0, 0, 0, 0, 0, 0, 0, 1]
0 1 5 0 [-2, -1, -3, 2, 3, 4, -5, -7, 12]
0 1 4 1 [5, 2, 9, 0, -6, -8, 0, 10, 0]
0 1 3 2 [-4, -1, -9, -8, 6, 4, 10, -10, 0]
0 1 2 3 [1, 0, 3, 8, -4, 0, -10, 10, 0]
0 1 1 4 [0, 0, 0, -2, 1, 0, 5, -5, 0]
0 1 0 5 [0, 0, 0, 0, 0, 0, -1, 1, 0]
0 2 4 0 [6, 3, 3, -6, -9, -6, 15, 15, -30]
0 2 3 1 [-13, -4, -9, 8, 12, 8, -10, -10, 0]
0 2 2 2 [9, 0, 9, 0, -6, 0, 0, 0, 0]
0 2 1 3 [-2, 1, -3, -4, 4, -4, 0, 0, 0]
0 2 0 4 [0, 0, 0, 1, -1, 1, 0, 0, 0]
0 3 3 0 [-8, -4, -4, 8, 12, 8, -20, -20, 40]
0 3 2 1 [13, 4, 9, -8, -12, -8, 10, 10, 0]
0 3 1 2 [-6, 1, -9, 4, 0, 4, 0, 0, 0]
0 3 0 3 [1, -1, 3, 0, 0, 0, 0, 0, 0]
0 4 2 0 [6, 3, 3, -6, -9, -6, 15, 15, -30]
0 4 1 1 [-7, -3, 0, 2, 9, 0, -5, -5, 0]
0 4 0 2 [1, 0, 0, -1, 0, 0, 0, 0, 0]
0 5 1 0 [-2, -1, -3, 2, 3, 4, -5, -7, 12]
0 5 0 1 [2, 1, 0, 0, -3, 0, 1, 2, 0]
0 6 0 0 [0, 0, 1, 0, 0, -1, 0, 1, -1]
1 0 5 0 [2, 1, 0, 0, -3, 0, 1, 2, 0]
1 0 4 1 [-5, -2, 0, 0, 6, 0, 0, -5, 0]
1 0 3 2 [4, 1, 0, 0, -6, 0, 0, 10, 0]
1 0 2 3 [-1, 0, 0, 0, 4, 0, 0, -10, 0]
1 0 1 4 [0, 0, 0, 0, -1, 0, 0, 5, 0]
1 0 0 5 [0, 0, 0, 0, 0, 0, 0, -1, 0]
1 1 4 0 [-7, -3, 0, 2, 9, 0, -5, -5, 0]
1 1 3 1 [14, 2, 0, 0, -12, 8, 0, 0, 0]
1 1 2 2 [-9, 3, 0, 0, 6, -12, 0, 0, 0]
1 1 1 3 [2, -2, 0, 0, -4, 8, 0, 0, 0]
1 1 0 4 [0, 0, 0, 0, 1, -2, 0, 0, 0]
1 2 3 0 [13, 4, 9, -8, -12, -8, 10, 10, 0]
1 2 2 1 [-18, 0, -18, 0, 12, 0, 0, 0, 0]
1 2 1 2 [6, -6, 18, 0, 0, 0, 0, 0, 0]
1 2 0 3 [-1, 2, -6, 0, 0, 0, 0, 0, 0]
1 3 2 0 [-13, -4, -9, 8, 12, 8, -10, -10, 0]
1 3 1 1 [14, 2, 0, 0, -12, 8, 0, 0, 0]
1 3 0 2 [-1, 2, 0, 0, 0, -4, 0, 0, 0]
1 4 1 0 [5, 2, 9, 0, -6, -8, 0, 10, 0]
1 4 0 1 [-5, -2, 0, 0, 6, 0, 0, -5, 0]
1 5 0 0 [0, 0, -3, -2, 0, 2, 4, -1, -6]
2 0 4 0 [1, 0, 0, -1, 0, 0, 0, 0, 0]
2 0 3 1 [-1, 2, 0, 0, 0, -4, 0, 0, 0]
2 0 2 2 [0, -3, 0, 0, 0, 6, 0, 0, 0]
2 0 1 3 [0, 1, 0, 0, 0, -4, 0, 0, 0]
2 0 0 4 [0, 0, 0, 0, 0, 1, 0, 0, 0]
2 1 3 0 [-6, 1, -9, 4, 0, 4, 0, 0, 0]
2 1 2 1 [6, -6, 18, 0, 0, 0, 0, 0, 0]
2 1 1 2 [0, 6, -18, 0, 0, 0, 0, 0, 0]
2 1 0 3 [0, -1, 6, 0, 0, 0, 0, 0, 0]
2 2 2 0 [9, 0, 9, 0, -6, 0, 0, 0, 0]
2 2 1 1 [-9, 3, 0, 0, 6, -12, 0, 0, 0]
2 2 0 2 [0, -3, 0, 0, 0, 6, 0, 0, 0]
2 3 1 0 [-4, -1, -9, -8, 6, 4, 10, -10, 0]
2 3 0 1 [4, 1, 0, 0, -6, 0, 0, 10, 0]
2 4 0 0 [0, 0, 3, 5, 0, -1, -10, 0, 15]
3 0 3 0 [1, -1, 3, 0, 0, 0, 0, 0, 0]
3 0 2 1 [-1, 2, -6, 0, 0, 0, 0, 0, 0]
3 0 1 2 [0, -1, 6, 0, 0, 0, 0, 0, 0]
3 0 0 3 [0, 0, -2, 0, 0, 0, 0, 0, 0]
3 1 2 0 [-2, 1, -3, -4, 4, -4, 0, 0, 0]
3 1 1 1 [2, -2, 0, 0, -4, 8, 0, 0, 0]
3 1 0 2 [0, 1, 0, 0, 0, -4, 0, 0, 0]
3 2 1 0 [1, 0, 3, 8, -4, 0, -10, 10, 0]
3 2 0 1 [-1, 0, 0, 0, 4, 0, 0, -10, 0]
3 3 0 0 [0, 0, -1, -4, 0, 0, 10, 0, -20]
4 0 2 0 [0, 0, 0, 1, -1, 1, 0, 0, 0]
4 0 1 1 [0, 0, 0, 0, 1, -2, 0, 0, 0]
4 0 0 2 [0, 0, 0, 0, 0, 1, 0, 0, 0]
4 1 1 0 [0, 0, 0, -2, 1, 0, 5, -5, 0]
4 1 0 1 [0, 0, 0, 0, -1, 0, 0, 5, 0]
4 2 0 0 [0, 0, 0, 1, 0, 0, -5, 0, 15]
5 0 1 0 [0, 0, 0, 0, 0, 0, -1, 1, 0]
5 0 0 1 [0, 0, 0, 0, 0, 0, 0, -1, 0]
5 1 0 0 [0, 0, 0, 0, 0, 0, 1, 0, -6]
6 0 0 0 [0, 0, 0, 0, 0, 0, 0, 0, 1]
